interleave nodes time charged used effcy
1 4 2770.5 12.3156026566 7.91740766082 64.0
2 4 4132.6 18.3698540543 15.777669802 86.0
2 5 3675.3 20.4208386265 15.7534504736 77.0
2 6 2703.0 18.0241339949 15.7534504736 87.0
2 7 2694.9 20.9633692627 15.7534504736 75.0
2 8 2638.5 23.4583944563 15.7534504736 67.0
3 4 6539.2 29.0649909096 23.5713216714 81.0
3 5 5091.6 28.2898985537 23.5970074158 83.0
3 6 4054.0 27.0291275485 23.6096242086 87.0
3 7 4060.4 31.5837061664 23.7000314673 75.0
3 8 3400.3 30.2283827695 23.7000314673 78.0
3 9 2965.4 29.658594726 23.7000314673 80.0
3 10 2503.2 27.8191558223 23.7389388091 85.0
3 11 2312.8 28.273255921 23.7059317086 84.0
3 12 2053.4 27.3860591103 23.624772685 86.0
4 4 8189.0 36.39786832 31.4382794709 86.0
4 5 6668.6 37.0506743886 31.4382794709 85.0
4 6 5409.9 36.069792946 31.5344431078 87.0
4 7 5371.3 41.7807699686 31.4114081306 75.0
4 8 4541.7 40.3750961551 31.4800463057 78.0
4 9 3737.8 37.382865888 31.5087466225 84.0
4 10 3284.2 36.4974582747 31.5087466225 86.0
4 11 2970.1 36.3070685731 31.4312852328 87.0
4 12 2714.9 36.2043033063 31.4253773393 87.0
4 13 2643.2 38.1868332268 31.4363300564 82.0
4 14 2429.8 37.8053998475 31.4868761788 83.0
4 15 2247.5 37.4679273053 31.4868761788 84.0
4 16 2072.2 36.8499480954 31.5186006472 86.0
5 4 10495.7 46.6499758423 39.3857689414 84.0
5 5 8181.6 45.4552978981 39.4155586168 87.0
5 6 6740.0 44.9357494612 39.3390669794 88.0
5 7 6756.6 52.5554615477 39.4549358349 75.0
5 8 5461.9 48.5541928756 39.547534177 81.0
5 9 4655.0 46.5550920266 39.554348159 85.0
5 10 4090.1 45.4501866335 39.5484164877 87.0
5 11 3706.0 45.3004646779 39.4337658629 87.0
5 12 3386.7 45.1624917946 39.3990750434 87.0
5 13 3280.8 47.3979942864 39.4399561552 83.0
5 14 2995.8 46.6087838449 39.4223677759 85.0
5 15 2743.2 45.7298116651 39.2704445161 86.0
5 16 2536.2 45.097850876 39.199776078 87.0
5 17 2394.4 45.2349302272 39.2057158033 87.0
5 18 2261.5 45.2386740878 39.2149819235 87.0
5 19 2213.7 46.7458583565 39.3814386211 84.0
5 20 2099.7 46.6712072546 39.5075791932 85.0
6 4 12185.6 54.1605345928 47.3792121457 87.0
6 5 9916.8 55.0960192057 47.4105386555 86.0
6 6 8136.0 54.2432779955 47.3500651967 87.0
6 7 8093.6 62.954048101 47.282689735 75.0
6 8 6462.3 57.4485341591 47.2690787917 82.0
6 9 5558.2 55.5859696254 47.3023027786 85.0
6 10 4868.4 54.0970516843 47.3117026865 87.0
6 11 4410.7 53.9146923958 47.2473992865 88.0
6 12 4046.7 53.9621689536 47.1887017979 87.0
6 13 3892.4 56.2319783379 47.2281445494 84.0
6 14 3544.9 55.1494585528 47.3698975028 86.0
6 15 3277.0 54.6284270036 47.3942463951 87.0
6 16 3047.0 54.1753248476 47.3113672171 87.0
6 17 2866.0 54.1437676186 47.2913741553 87.0
6 18 2708.9 54.1882208217 47.3071716861 87.0
6 19 2605.9 55.0242711232 47.3029518156 86.0
6 20 2468.5 54.8654872157 47.3077688413 86.0
6 21 2338.6 54.5802271515 47.3008897904 87.0
6 22 2229.7 54.5199876652 47.3947243949 87.0
6 23 2127.0 54.3688197266 47.3665124649 87.0
6 24 2062.7 55.0216281155 47.4965145513 86.0
7 4 14480.1 64.3586970948 55.2982907185 86.0
7 5 11432.7 63.5177808012 55.2195935549 87.0
7 6 9436.5 62.9134126401 55.0725139093 88.0
7 7 9427.1 73.3257092074 55.0725139093 75.0
7 8 7444.5 66.1777567276 55.1749507078 83.0
7 9 6420.0 64.2048527378 55.1925562797 86.0
7 10 5663.2 62.9292313636 55.1694890204 88.0
7 11 5146.5 62.9088103629 55.0743247309 88.0
7 12 4723.6 62.9868574805 55.080747489 87.0
7 13 4490.7 64.8715562196 55.2150870757 85.0
7 14 4099.6 63.7793329269 55.2264602782 87.0
7 15 3810.2 63.5132043616 55.4542328317 87.0
7 16 3545.6 63.0433297479 55.3176290537 88.0
7 17 3339.4 63.0851461038 55.3718278443 88.0
7 18 3164.5 63.2991666056 55.3579655228 87.0
7 19 3027.3 63.9196805911 55.2727203602 86.0
7 20 2858.8 63.5436943424 55.2495466844 87.0
7 21 2709.3 63.231726772 55.1413843824 87.0
7 22 2573.0 62.9076807042 55.0748432354 88.0
7 23 2458.8 62.848127853 55.0104099862 88.0
7 24 2377.7 63.415429438 55.0641423889 87.0
7 25 2302.7 63.9805407583 55.1122709683 86.0
7 26 2212.0 63.9201603215 55.1023378651 86.0
7 27 2116.8 63.5184040157 55.0782420884 87.0
7 28 2043.1 63.5764703705 55.0530913045 87.0
8 4 16117.5 71.6357352459 62.900242938 88.0
8 5 13017.2 72.3202340073 62.960139532 87.0
8 6 10863.6 72.4270761382 63.0223414869 87.0
8 7 10784.7 83.8837931565 63.0083882036 75.0
8 8 8436.8 74.9976534614 63.155656308 84.0
8 9 7305.1 73.0552881862 63.1320432484 86.0
8 10 6449.0 71.6604182806 62.9776627981 88.0
8 11 5868.5 71.7318970215 63.0182322964 88.0
8 12 5390.8 71.8822267434 63.0730688636 88.0
8 13 5160.2 74.5446301328 63.0912399063 85.0
8 14 4682.1 72.842081752 63.1403339532 87.0
8 15 4324.4 72.0828779565 63.1509530859 88.0
8 16 4033.1 71.7092065158 63.0781923145 88.0
8 17 3778.9 71.387125768 62.9698351709 88.0
8 18 3586.3 71.7323256728 62.9053912883 88.0
8 19 3426.7 72.352379893 63.0036160138 87.0
8 20 3252.4 72.2834275297 63.1704522356 87.0
8 21 3083.4 71.9589425854 63.114823758 88.0
8 22 2933.2 71.7149112093 62.9975313842 88.0
8 23 2802.2 71.6229677364 63.0277615522 88.0
8 24 2706.9 72.1942640286 63.132551527 87.0
8 25 2607.2 72.4378997427 63.011802492 87.0
8 26 2506.1 72.4071447747 63.0835640237 87.0
8 27 2413.8 72.428418224 63.0963565826 87.0
8 28 2314.1 72.0157973352 62.9077772405 87.0
8 29 2232.4 71.9483078777 63.1012259138 88.0
8 30 2181.3 72.7278592424 63.112589973 87.0
8 31 2109.0 72.661665438 63.0902993073 87.0
8 32 2055.0 73.0854783124 63.2005117544 86.0
9 4 18439.5 81.9562779315 71.0522483241 87.0
9 5 14686.8 81.5954578158 71.0967238309 87.0
9 6 12236.0 81.5771789102 70.9896525815 87.0
9 7 12145.6 94.4679678903 70.9316697343 75.0
9 8 9408.4 83.6361575584 70.8567325804 85.0
9 9 8201.8 82.0235106364 71.0382651431 87.0
9 10 7271.2 80.7968113179 71.0546928764 88.0
9 11 6570.0 80.30394852 70.793377691 88.0
9 12 6050.6 80.6804070326 70.8311637535 88.0
9 13 5715.1 82.5596482438 71.0920419752 86.0
9 14 5231.1 81.3810948914 71.0302956506 87.0
9 15 4858.8 80.9871560166 70.9926699859 88.0
9 16 4519.1 80.3466859191 70.8766339673 88.0
9 17 4251.1 80.3090623671 70.85585171 88.0
9 18 4017.4 80.3594338311 70.8110380302 88.0
9 19 3838.8 81.0513371599 70.657349329 87.0
9 20 3645.1 81.0147835666 70.9698679274 88.0
9 21 3462.1 80.7917141206 71.0185029879 88.0
9 22 3290.9 80.4541803398 70.8819420318 88.0
9 23 3142.9 80.3344898874 70.8118092798 88.0
9 24 3029.8 80.8054042713 70.6542780108 87.0
9 25 2931.6 81.4449902809 71.0359187663 87.0
9 26 2807.5 81.1171247901 71.0949663315 88.0
9 27 2698.1 80.9585474449 71.0358911463 88.0
9 28 2612.7 81.2970088921 71.1710475336 88.0
9 29 2513.2 80.9945792815 71.0926301007 88.0
9 30 2440.0 81.3514520031 70.9583929714 87.0
9 31 2362.0 81.3756952073 70.9852137246 87.0
9 32 2287.5 81.3498452805 70.9993094373 87.0
9 33 2218.1 81.3480367191 70.7876336197 87.0
9 34 2146.5 81.1041869748 70.9098384269 87.0
9 35 2091.9 81.3765318046 71.0359715414 87.0
9 36 2035.4 81.436733072 70.7582982161 87.0
10 4 20121.5 89.4304234245 78.6957382239 88.0
10 5 16186.1 89.9254136384 78.6451633166 87.0
10 6 13558.5 90.3927142354 78.7354952585 87.0
10 7 13502.2 105.020067958 78.8556255483 75.0
10 8 10471.3 93.0826335306 78.9280736845 85.0
10 9 9065.2 90.6579287431 78.8032227281 87.0
10 10 8025.8 89.1804581786 78.6362070913 88.0
10 11 7327.9 89.5686367991 78.9680369202 88.0
10 12 6711.2 89.4897348874 78.7480160489 88.0
10 13 6336.9 91.5401200165 78.6639758494 86.0
10 14 5800.7 90.2397618256 78.8492438367 87.0
10 15 5380.2 89.6769713377 78.7255456471 88.0
10 16 5021.0 89.2717309146 78.747633192 88.0
10 17 4728.6 89.3285080341 78.9745601635 88.0
10 18 4484.6 89.7021243664 78.9192897092 88.0
10 19 4272.0 90.1965375976 79.0894162139 88.0
10 20 4036.9 89.7197709974 78.7743529849 88.0
10 21 3830.7 89.393508656 78.7170162203 88.0
10 22 3661.9 89.5254871957 78.9996759972 88.0
10 23 3492.3 89.2613388496 78.8114246364 88.0
10 24 3365.4 89.759950449 78.9526259239 88.0
10 25 3224.9 89.5999245083 78.7478455598 88.0
10 26 3099.6 89.5564735023 78.6978846544 88.0
10 27 2987.0 89.6240403322 78.7990042805 88.0
10 28 2880.0 89.6201563357 78.8900843957 88.0
10 29 2779.2 89.5653082014 78.9280060533 88.0
10 30 2686.4 89.5699483708 78.7039524694 88.0
10 31 2609.7 89.9084082186 78.8743174605 88.0
10 32 2534.6 90.1365542043 78.8767580184 88.0
10 33 2449.2 89.8245491946 78.8406378149 88.0
10 34 2391.5 90.3614239317 79.0861791932 88.0
10 35 2308.2 89.7847995285 78.784664441 88.0
10 36 2256.4 90.2751635021 78.8713415048 87.0
10 37 2193.0 90.1852037049 78.8109829104 87.0
10 38 2144.0 90.5420977645 78.8311037798 87.0
10 39 2090.4 90.5993121693 78.8385524494 87.0
10 40 2038.0 90.6010533212 79.0426830423 87.0
