interleave nodes time charged used effcy
1 4 31425.8 139.673131882 51.4725884688 37.0
2 4 45161.6 200.721116444 102.781791813 51.0
2 5 34437.4 191.321344965 103.014677281 54.0
2 6 29978.2 199.859008784 103.371718768 52.0
2 7 28392.6 220.83569617 103.440200093 47.0
2 8 26805.6 238.277973268 103.312310999 43.0
3 4 59283.6 263.485018001 154.397953889 59.0
3 5 44460.4 247.004663724 153.861469039 62.0
3 6 37297.4 248.652812622 153.857182003 62.0
3 7 34719.2 270.041863889 154.253675761 57.0
3 8 30059.6 267.202737263 154.027864173 58.0
3 9 28449.0 284.495962117 153.62386065 54.0
3 10 27330.8 303.680316331 154.119827591 51.0
3 11 26231.2 320.60852502 153.855870035 48.0
3 12 25835.2 344.475408499 153.555351371 45.0
4 4 72942.8 324.192131327 204.832625469 63.0
4 5 55522.0 308.457907641 205.094607928 66.0
4 6 46767.2 311.786422303 205.532403013 66.0
4 7 42348.6 329.382235264 205.318546056 62.0
4 8 36106.4 320.950705212 205.239663233 64.0
4 9 33050.6 330.511336035 204.892810881 62.0
4 10 31130.6 345.900453681 205.453971139 59.0
4 11 29476.6 360.275989686 205.160333134 57.0
4 12 28065.0 374.207452362 205.068533992 55.0
4 13 27451.6 396.530942897 205.823052621 52.0
4 14 26663.2 414.766968428 205.58586158 50.0
4 15 25932.0 432.211083629 205.173124236 47.0
4 16 25889.0 460.258871287 205.957618403 45.0
5 4 89422.0 397.432559811 257.670216804 65.0
5 5 67052.4 372.515539013 256.170256801 69.0
5 6 56026.2 373.511000771 255.913528819 69.0
5 7 51635.8 401.615078473 257.083440015 64.0
5 8 43095.0 383.069657909 256.89423192 67.0
5 9 38986.6 389.869933798 256.882593566 66.0
5 10 35980.8 399.792435263 256.989019312 64.0
5 11 33611.8 410.815913477 257.82870398 63.0
5 12 31509.6 420.136246725 256.973215874 61.0
5 13 30373.6 438.7346864 257.280989036 59.0
5 14 29067.0 452.161096998 256.837180202 57.0
5 15 27910.0 465.177645689 257.110285607 55.0
5 16 27421.0 487.49682683 257.182978734 53.0
5 17 27057.6 511.099427911 257.02413614 50.0
5 18 26584.8 531.706044709 256.923491318 48.0
5 19 26546.0 560.419878324 257.111188859 46.0
5 20 26283.8 584.092277136 257.360234455 44.0
6 4 104466.8 464.300054185 308.827336981 67.0
6 5 79398.8 441.10819139 307.4001114 70.0
6 6 66223.6 441.493722382 308.654674153 70.0
6 7 60694.6 472.072002914 308.79496509 65.0
6 8 49849.6 443.113050243 307.840211843 69.0
6 9 44719.0 447.197105671 307.34966698 69.0
6 10 40797.0 453.307222694 307.496769171 68.0
6 11 37398.0 457.09343496 307.519075849 67.0
6 12 35706.0 476.084933609 307.754150038 65.0
6 13 33756.6 487.605184756 308.953424683 63.0
6 14 31628.2 492.001406505 307.576170377 63.0
6 15 30213.8 503.573338808 307.898873702 61.0
6 16 29236.6 519.769586866 307.777360129 59.0
6 17 28296.6 534.505607517 307.928733915 58.0
6 18 27739.8 554.804402333 307.593327474 55.0
6 19 27298.6 576.309785456 308.522096266 54.0
6 20 26562.2 590.280301223 307.90725308 52.0
6 21 26457.4 617.355194064 307.896304589 50.0
6 22 26071.0 637.306327475 307.825478726 48.0
6 23 26337.8 673.086370695 308.331172409 46.0
6 24 26130.4 696.824516232 308.883052472 44.0
7 4 119646.6 531.764511557 360.401709805 68.0
7 5 91777.4 509.87544053 360.215289727 71.0
7 6 76771.6 511.812573409 359.972843995 70.0
7 7 69646.8 541.701781953 360.245363964 67.0
7 8 57084.4 507.420295484 358.77529379 71.0
7 9 51259.8 512.60214599 358.741838603 70.0
7 10 46441.6 516.024014136 359.533152467 70.0
7 11 42294.8 516.941775206 358.736520604 69.0
7 12 39951.8 532.695605002 360.110919697 68.0
7 13 37460.8 541.107205982 359.537370511 66.0
7 14 35376.2 550.302488918 360.116327132 65.0
7 15 33622.4 560.381298041 360.077480098 64.0
7 16 31976.4 568.474213806 358.86050193 63.0
7 17 30508.4 576.281056431 359.48538737 62.0
7 18 30003.2 600.075185916 360.074410285 60.0
7 19 29104.0 614.422458303 360.006779109 59.0
7 20 28255.2 627.906189675 359.030411603 57.0
7 21 27919.0 651.452654222 358.977730482 55.0
7 22 27509.4 672.467605503 360.129512333 54.0
7 23 27094.0 692.416514675 359.625122084 52.0
7 24 26860.6 716.289366423 360.375472218 50.0
7 25 26706.8 741.861004776 360.29092332 49.0
7 26 26287.0 759.413945339 359.542222733 47.0
7 27 26500.8 795.038523708 360.160167449 45.0
7 28 25754.6 801.260511472 358.82215964 45.0
8 4 134100.4 596.004674085 409.502677216 69.0
8 5 104103.8 578.358538938 411.371646042 71.0
8 6 87391.0 582.610563021 411.082172256 71.0
8 7 79555.2 618.767055394 411.576653532 67.0
8 8 64181.6 570.509461858 410.352099047 72.0
8 9 57838.4 578.389028529 409.919123973 71.0
8 10 52095.4 578.845065099 410.158289024 71.0
8 11 47255.4 577.568897892 410.369109045 71.0
8 12 44048.6 587.321319193 410.405855114 70.0
8 13 41304.4 596.629679516 411.355051109 69.0
8 14 38833.0 604.080620841 410.649339441 68.0
8 15 36565.4 609.429189943 410.184807615 67.0
8 16 34737.8 617.569027362 410.420197855 66.0
8 17 33373.2 630.392390004 410.336229363 65.0
8 18 32041.6 640.839704395 410.947019152 64.0
8 19 31191.8 658.506265275 410.606654255 62.0
8 20 30647.6 681.065673504 411.17778596 60.0
8 21 29280.8 683.230850405 410.127181518 60.0
8 22 28707.2 701.742662224 411.074591176 59.0
8 23 28230.2 721.449278601 411.018258973 57.0
8 24 28072.0 748.596851952 411.567630993 55.0
8 25 27582.8 766.203305682 411.652206973 54.0
8 26 27509.4 794.73013631 411.298239756 52.0
8 27 26798.2 803.957845941 410.603840575 51.0
8 28 26140.2 813.273287198 409.838652812 50.0
8 29 26544.0 855.323085997 411.216984004 48.0
8 30 25912.8 863.782479196 410.141019008 47.0
8 31 26283.0 905.312727229 411.010788506 45.0
8 32 25593.4 910.00482 410.672229661 45.0
9 4 150202.6 667.570060291 461.766516509 69.0
9 5 115763.2 643.131634996 460.766176645 72.0
9 6 97415.8 649.441977709 461.436393398 71.0
9 7 88549.0 688.717520004 462.557076735 67.0
9 8 71689.2 637.240612188 461.359136416 72.0
9 9 64371.0 643.716261893 461.899328024 72.0
9 10 57934.6 643.720886915 461.403889307 72.0
9 11 52640.4 643.389819621 462.612051888 72.0
9 12 48791.2 650.557290525 461.818507309 71.0
9 13 45546.0 657.89321599 462.464630481 70.0
9 14 42519.8 661.428417785 461.969777444 70.0
9 15 40336.6 672.284166035 462.660243139 69.0
9 16 38023.4 675.980784504 461.688750674 68.0
9 17 36204.6 683.872387726 461.138223893 67.0
9 18 35160.6 703.223727815 463.190647157 66.0
9 19 33775.0 713.038820885 462.978424385 65.0
9 20 32710.8 726.91407833 462.80719107 64.0
9 21 31543.6 736.031330371 462.620624575 63.0
9 22 30417.8 743.55171206 461.249842724 62.0
9 23 29774.6 760.916681089 461.825693593 61.0
9 24 29119.4 776.528344353 462.015033629 59.0
9 25 28783.6 799.554021278 462.231163948 58.0
9 26 28084.0 811.331199022 463.194147584 57.0
9 27 27666.8 830.011515756 461.956890128 56.0
9 28 27094.4 842.945847727 461.394753173 55.0
9 29 27042.8 871.389833229 461.106902098 53.0
9 30 26778.4 892.632099288 461.837464624 52.0
9 31 26790.0 922.786829727 462.597008042 50.0
9 32 26592.6 945.529648247 461.722768321 49.0
9 33 26426.8 969.004461305 462.286122264 48.0
9 34 26010.6 982.635247181 462.683960331 47.0
9 35 25963.2 1009.69115038 462.064948713 46.0
9 36 25889.6 1035.59729719 463.221294879 45.0
10 4 165482.8 735.480307317 512.576695424 70.0
10 5 129288.6 718.272908187 514.643440199 72.0
10 6 107844.2 718.964804723 512.659112605 71.0
10 7 98369.4 765.098485559 513.418379238 67.0
10 8 79755.0 708.938429756 513.49794571 72.0
10 9 71196.6 711.969211751 513.605631368 72.0
10 10 63709.6 707.888514982 513.106853602 72.0
10 11 58223.4 711.625290652 514.898492253 72.0
10 12 53765.8 716.885981525 513.370424843 72.0
10 13 49755.2 718.694306806 514.357449555 72.0
10 14 46436.8 722.360004259 514.374148043 71.0
10 15 43471.2 724.526793223 513.455588438 71.0
10 16 41101.2 730.693323247 512.810351864 70.0
10 17 39462.2 745.405300638 513.655843365 69.0
10 18 37901.6 758.04241547 513.747466636 68.0
10 19 36242.6 765.128220945 513.489023152 67.0
10 20 34835.0 774.125268028 512.764808936 66.0
10 21 33812.2 788.965153368 513.586443286 65.0
10 22 32752.4 800.629109657 513.49832002 64.0
10 23 31466.6 804.162036192 513.512252466 64.0
10 24 30722.4 819.275063283 514.135076081 63.0
10 25 30151.8 837.563604103 513.394949418 61.0
10 26 29315.8 846.922815431 512.322281606 60.0
10 27 28817.8 864.548893639 513.455200717 59.0
10 28 28617.6 890.335177188 514.392342454 58.0
10 29 27918.8 899.621478646 513.172019884 57.0
10 30 27912.4 930.430244525 512.770226594 55.0
10 31 27564.2 949.4506792 514.309337115 54.0
10 32 27567.6 980.201091925 514.277590358 52.0
10 33 27047.8 991.768337868 513.340076656 52.0
10 34 26654.0 1006.94958331 512.654239739 51.0
10 35 26451.6 1028.70105924 513.043158024 50.0
10 36 26326.0 1053.06342573 512.29917414 49.0
10 37 26307.8 1081.5523381 512.8157978 47.0
10 38 25798.2 1089.27946199 512.911920178 47.0
10 39 26020.6 1127.57994709 514.49134107 46.0
10 40 25746.8 1144.31798091 512.321222641 45.0
