interleave nodes time charged used effcy
1 4 24314.6 108.067452844 59.0467664991 55.0
2 4 37239.3 165.510486766 118.522539545 72.0
2 5 29931.5 166.288278805 118.333832314 71.0
2 6 26694.6 177.96801323 117.829349495 66.0
2 7 23298.6 181.214722882 117.829349495 65.0
2 8 20450.0 181.781815631 117.590955494 65.0
3 4 53481.9 237.699862135 176.738658237 74.0
3 5 42492.1 236.070334485 176.187783158 75.0
3 6 37931.6 252.881374758 175.948309453 70.0
3 7 34884.4 271.327353961 176.4762008 65.0
3 8 29396.8 261.310726091 176.460763631 68.0
3 9 26516.6 265.171159977 176.547826913 67.0
3 10 24720.5 274.677143265 176.759343135 64.0
3 11 23124.5 282.638562008 176.759343135 63.0
3 12 21658.5 288.786368938 175.805786908 61.0
4 4 70769.7 314.533661407 234.744246323 75.0
4 5 55906.8 310.596435228 235.678593696 76.0
4 6 49912.5 332.753865722 235.427880359 71.0
4 7 47333.1 368.149444193 235.613581123 64.0
4 8 38718.8 344.170400109 236.321195713 69.0
4 9 34452.9 344.533973293 235.692198472 68.0
4 10 31380.3 348.675247008 235.094689942 67.0
4 11 28942.7 353.750284698 235.287481821 67.0
4 12 27349.6 364.668183181 235.936326188 65.0
4 13 25455.2 367.694373431 236.525064502 64.0
4 14 24157.8 375.796816354 236.239151821 63.0
4 15 22943.7 382.403052982 235.893751143 62.0
4 16 22245.7 395.48536576 235.652846928 60.0
5 4 87544.4 389.088029255 294.281646772 76.0
5 5 69334.9 385.197317858 294.770207234 77.0
5 6 62539.5 416.933077589 295.116370949 71.0
5 7 59500.9 462.788989046 295.606447058 64.0
5 8 47522.1 422.421878269 295.049579785 70.0
5 9 42729.2 427.298871091 294.761857336 69.0
5 10 38854.2 431.717339977 294.949544005 68.0
5 11 35669.7 435.969916926 295.575406633 68.0
5 12 33448.2 445.985172948 294.709076239 66.0
5 13 30871.9 445.934589153 294.612259274 66.0
5 14 29274.1 455.379789876 295.900394666 65.0
5 15 27588.7 459.818914937 294.550239843 64.0
5 16 26357.8 468.592578146 294.562552057 63.0
5 17 25209.6 476.189456408 294.395253143 62.0
5 18 24151.2 483.034081551 295.239312054 61.0
5 19 23049.6 486.614770038 294.882082722 61.0
5 20 22384.5 497.443293302 294.451765478 59.0
6 4 104493.2 464.41640039 353.261837288 76.0
6 5 82917.9 460.657503522 353.878583725 77.0
6 6 75532.1 503.549880635 353.734916643 70.0
6 7 71892.1 559.16368096 353.557502242 63.0
6 8 57033.8 506.971689433 354.006785266 70.0
6 9 50806.5 508.071679209 353.189270278 70.0
6 10 46449.0 516.106032219 354.197737542 69.0
6 11 42524.5 519.748588193 353.51177834 68.0
6 12 39983.8 533.122705059 353.820849349 66.0
6 13 36864.7 532.498208602 353.600701169 66.0
6 14 34688.7 539.60820325 352.912889798 65.0
6 15 32655.1 544.25909646 353.709678175 65.0
6 16 30833.1 548.153488313 353.400321555 64.0
6 17 29246.2 552.436387195 353.157708811 64.0
6 18 27941.0 558.829955313 353.478249911 63.0
6 19 26804.3 565.878394321 352.18445846 62.0
6 20 25820.1 573.791100443 353.032059433 62.0
6 21 24849.5 579.840092731 353.54460052 61.0
6 22 23993.4 586.521403743 353.80154354 60.0
6 23 23319.4 595.957946488 353.170337713 59.0
6 24 22639.9 603.743769404 353.873391927 59.0
7 4 121454.4 539.799389774 413.205894316 77.0
7 5 96310.6 535.061223791 413.089179398 77.0
7 6 87305.1 582.036738945 411.220565023 71.0
7 7 83763.4 651.496781188 412.00893004 63.0
7 8 66061.2 587.214355928 413.310298872 70.0
7 9 59030.4 590.310057322 411.942793268 70.0
7 10 53819.3 597.997499477 413.342552866 69.0
7 11 49150.9 600.738315875 411.982163267 69.0
7 12 46317.4 617.573647302 413.590867385 67.0
7 13 42571.2 614.925401613 412.665378661 67.0
7 14 40320.0 627.207004552 412.245357441 66.0
7 15 37641.6 627.368932498 412.53677243 66.0
7 16 35647.6 633.746037224 411.971733603 65.0
7 17 33883.9 640.036609128 412.050047213 64.0
7 18 32485.3 649.715233548 412.444313976 63.0
7 19 30754.5 649.273693142 412.485623635 64.0
7 20 29213.8 649.203537724 411.871980477 63.0
7 21 28194.3 657.879690813 412.420992694 63.0
7 22 27361.3 668.844519883 413.040025523 62.0
7 23 26430.7 675.462219923 412.331310604 61.0
7 24 25429.1 678.119473277 412.467550384 61.0
7 25 24669.1 685.265629534 412.664681598 60.0
7 26 23963.3 692.294579312 412.970505032 60.0
7 27 23181.4 695.455495997 412.299386788 59.0
7 28 22766.4 708.304161637 412.769393886 58.0
8 4 138577.7 615.903648715 471.965810108 77.0
8 5 109743.2 609.687176956 470.983964519 77.0
8 6 100224.0 668.163713004 471.578457095 71.0
8 7 96272.4 748.78899413 471.403187665 63.0
8 8 75315.0 669.471856807 471.63445053 70.0
8 9 67531.0 675.31384254 470.815849016 70.0
8 10 61253.0 680.594658437 470.435459955 69.0
8 11 56309.8 688.237656967 472.047217149 69.0
8 12 52812.9 704.176794807 471.640408611 67.0
8 13 48098.9 694.771734552 471.770801021 68.0
8 14 45644.9 710.038746675 470.979237122 66.0
8 15 42905.7 715.104511843 472.067271563 66.0
8 16 40520.3 720.369892994 471.113589805 65.0
8 17 38269.5 722.878799326 471.841930958 65.0
8 18 36590.5 731.819094591 471.280796945 64.0
8 19 34849.0 735.713857988 472.157744699 64.0
8 20 33348.8 741.093622795 471.493170451 64.0
8 21 32006.6 746.831809505 471.1744885 63.0
8 22 30704.2 750.560700193 472.180144817 63.0
8 23 29591.2 756.233383783 472.226153086 62.0
8 24 28342.9 755.820570578 471.424117624 62.0
8 25 27390.6 760.86422369 471.548226117 62.0
8 26 26785.7 773.820959548 472.035268523 61.0
8 27 25895.8 776.884744992 471.414665615 61.0
8 28 25296.2 787.006674495 470.94057041 60.0
8 29 24630.1 793.655396961 471.638852247 59.0
8 30 24035.2 801.185486321 470.781733448 59.0
8 31 23555.3 811.366635371 472.438384317 58.0
8 32 22743.0 808.66080532 471.630287289 58.0
9 4 154996.0 688.873115331 530.279104684 77.0
9 5 123587.0 686.597576966 531.00692852 77.0
9 6 112822.8 752.15566553 531.304326701 71.0
9 7 108067.3 840.528832538 531.081360266 63.0
9 8 84195.1 748.406209718 530.33370658 71.0
9 9 75703.7 757.042090907 530.768161411 70.0
9 10 68949.4 766.109161273 530.420553513 69.0
9 11 63370.9 774.539628339 531.068983927 69.0
9 12 59070.6 787.616737405 530.475900034 67.0
9 13 54460.5 786.661136812 530.451388389 67.0
9 14 51244.6 797.145795462 530.460441721 67.0
9 15 48008.9 800.157196503 530.519972631 66.0
9 16 45277.8 804.947520659 529.294578542 66.0
9 17 42731.7 807.163526631 530.892641716 66.0
9 18 40799.2 815.995183315 530.29329665 65.0
9 19 38914.9 821.544718869 530.733129561 65.0
9 20 37362.2 830.283124982 530.369082415 64.0
9 21 35728.1 833.665850922 530.741103553 64.0
9 22 34272.8 837.792081343 532.003442061 64.0
9 23 33055.2 844.755382328 530.361883814 63.0
9 24 31867.0 849.796697834 531.639312929 63.0
9 25 30622.4 850.639024046 529.837206561 62.0
9 26 29715.7 858.466524096 530.150925659 62.0
9 27 28671.2 860.152417211 530.050742113 62.0
9 28 27723.2 862.515808702 530.178704597 61.0
9 29 27141.6 874.578170564 530.377958078 61.0
9 30 26332.8 877.779046147 531.052965491 60.0
9 31 25776.6 887.873479732 530.074802563 60.0
9 32 25129.8 893.52545892 531.323427009 59.0
9 33 24648.6 903.797609792 530.724664349 59.0
9 34 23950.6 904.82388793 530.814824269 59.0
9 35 23402.1 910.098223361 530.190204949 58.0
9 36 23118.9 924.774967618 530.827166473 57.0
10 4 172287.6 765.725592971 590.145663749 77.0
10 5 136958.8 760.88489055 590.152539411 78.0
10 6 125215.2 834.77105797 588.545432738 71.0
10 7 120091.5 934.047644574 589.155248865 63.0
10 8 93621.8 832.197491724 589.593583621 71.0
10 9 83807.2 838.077236837 590.083196489 70.0
10 10 76495.4 849.955017118 590.841108425 70.0
10 11 69924.1 854.636095593 589.169987614 69.0
10 12 65424.0 872.327486018 589.186421095 68.0
10 13 60207.8 869.674152455 589.582236464 68.0
10 14 56569.1 879.969983749 589.019286856 67.0
10 15 53187.9 886.471803976 590.279143354 67.0
10 16 50239.9 893.161604028 590.062373169 66.0
10 17 47495.3 897.142198564 589.403343916 66.0
10 18 45368.7 907.383751471 588.552022876 65.0
10 19 42844.6 904.505804248 587.719106285 65.0
10 20 41163.4 914.752575622 589.34035459 64.0
10 21 39235.5 915.505068916 589.865537013 64.0
10 22 37618.4 919.569132103 589.022191206 64.0
10 23 36158.3 924.060425776 589.891642409 64.0
10 24 34849.4 929.330410636 588.756417867 63.0
10 25 33719.4 936.659767286 590.539765449 63.0
10 26 32650.0 943.233238448 589.431767988 62.0
10 27 31384.2 941.542629246 589.793541553 63.0
10 28 30569.5 951.067470485 589.316979753 62.0
10 29 29762.1 959.011879094 589.628885572 61.0
10 30 28889.3 962.992976306 589.51869728 61.0
10 31 27855.7 959.491271458 589.2972618 61.0
10 32 27311.6 971.095646042 590.557029889 61.0
10 33 26530.2 972.795161157 588.224760201 60.0
10 34 26111.1 986.44157089 589.748318832 60.0
10 35 25752.3 1001.49638431 588.836533466 59.0
10 36 25114.9 1004.61664948 589.936851649 59.0
10 37 24463.9 1005.75994984 589.313472114 59.0
10 38 24153.2 1019.82148322 589.525859588 58.0
10 39 23425.2 1015.11397179 588.96237873 58.0
10 40 22956.1 1020.28772071 588.993186361 58.0
