interleave nodes time charged used effcy
1 4 30654.4 136.24396821 51.1595084063 38.0
2 4 43343.6 192.64021551 101.856219401 53.0
2 5 33892.2 188.292112825 101.972860674 54.0
2 6 29099.7 194.002414176 101.878633011 53.0
2 7 27835.0 216.498721921 101.983650633 47.0
2 8 26356.8 234.286585402 102.141613811 44.0
3 4 58783.1 261.260401061 153.397445856 59.0
3 5 44700.8 248.340843123 153.332319487 62.0
3 6 37446.6 249.647865212 153.406854687 61.0
3 7 34976.0 272.039711699 153.196156191 56.0
3 8 31098.9 276.439301867 153.012736638 55.0
3 9 29348.0 293.484526004 153.172901078 52.0
3 10 27510.9 305.68183811 153.117952601 50.0
3 11 26416.8 322.877261886 153.070046545 47.0
3 12 25619.6 341.601444028 152.948066324 45.0
4 4 72405.3 321.803862598 204.151643743 63.0
4 5 55862.4 310.348292356 204.085587181 66.0
4 6 46542.8 310.288243997 204.244033448 66.0
4 7 42778.4 332.723662273 204.029132506 61.0
4 8 37272.1 331.311974954 204.257458847 62.0
4 9 33641.0 336.414174501 204.3667605 61.0
4 10 30939.3 343.776808229 203.934610415 59.0
4 11 29135.8 356.112030161 203.715911961 57.0
4 12 28534.9 380.473743537 204.008565215 54.0
4 13 27628.5 399.08601912 204.096853214 51.0
4 14 26989.4 419.843113255 204.129985182 49.0
4 15 26613.8 443.572643013 204.45989223 46.0
4 16 25641.4 455.855149527 204.131473559 45.0
5 4 87499.4 388.888557672 254.560210249 65.0
5 5 66423.2 369.020195833 255.098025214 69.0
5 6 56017.8 373.455323142 254.783422163 68.0
5 7 51764.5 402.616466792 255.324455799 63.0
5 8 44412.0 394.778089449 255.511179849 65.0
5 9 39148.4 391.487657312 254.905997265 65.0
5 10 35288.7 392.103501214 255.030970274 65.0
5 11 33029.0 403.694049628 254.925497972 63.0
5 12 31620.4 421.612581974 254.960223272 60.0
5 13 30466.7 440.080674678 255.021677314 58.0
5 14 29718.6 462.297953384 255.245914992 55.0
5 15 28458.8 474.322030389 255.39234038 54.0
5 16 27325.7 485.803129911 254.743987666 52.0
5 17 26800.7 506.242989313 254.870050174 50.0
5 18 26335.8 526.729681227 254.858500796 48.0
5 19 25903.5 546.860675095 254.973327355 47.0
5 20 25391.2 564.256429471 254.511674936 45.0
6 4 103283.5 459.040033032 306.761685117 67.0
6 5 79682.5 442.683756677 306.389460631 69.0
6 6 65833.9 438.896433222 306.211806515 70.0
6 7 60641.4 471.658572962 305.905868286 65.0
6 8 51409.0 456.973546504 306.159058789 67.0
6 9 45069.5 450.700892421 306.730681097 68.0
6 10 40486.0 449.849442712 306.415659932 68.0
6 11 37359.4 456.620325821 306.10420974 67.0
6 12 35450.1 472.67360766 305.69529483 65.0
6 13 33688.4 486.615809755 306.466347944 63.0
6 14 32316.9 502.714414828 306.584914088 61.0
6 15 30705.8 511.770825783 305.769471412 60.0
6 16 29602.7 526.278755386 306.371378982 58.0
6 17 28699.7 542.114417014 306.040868877 56.0
6 18 28406.3 568.131932558 306.363488622 54.0
6 19 27491.5 580.383890094 305.885015476 53.0
6 20 27320.1 607.123277705 306.372951685 50.0
6 21 26583.9 620.302038899 305.822705075 49.0
6 22 26173.1 639.803204028 306.039852612 48.0
6 23 25730.9 657.582136335 306.187429089 47.0
6 24 25615.8 683.095635347 306.203356872 45.0
7 4 117874.7 523.889157583 357.101629413 68.0
7 5 91505.1 508.365065395 357.639747928 70.0
7 6 76141.3 507.612858115 356.894226207 70.0
7 7 69741.2 542.435645594 357.176431698 66.0
7 8 59031.2 524.726955827 356.61608929 68.0
7 9 51255.2 512.556743361 357.007101393 70.0
7 10 45786.5 508.743323465 357.352774701 70.0
7 11 41982.8 513.12969759 357.280225247 70.0
7 12 39459.0 526.126410224 356.904175523 68.0
7 13 37242.4 537.954216905 357.024199652 66.0
7 14 35460.5 551.615881827 357.316776949 65.0
7 15 33606.6 560.116541848 356.998505411 64.0
7 16 32081.8 570.35127508 356.818113478 63.0
7 17 31124.8 587.92276651 357.306562167 61.0
7 18 30304.7 606.104540005 357.094266346 59.0
7 19 29572.8 624.327347955 357.537683681 57.0
7 20 28795.7 639.916309834 357.0599359 56.0
7 21 28394.8 662.556487108 357.693330288 54.0
7 22 27537.7 673.155587505 356.949213145 53.0
7 23 27246.4 696.30877493 357.205451551 51.0
7 24 26892.8 717.156953252 357.103035977 50.0
7 25 26384.1 732.903439138 356.973122913 49.0
7 26 26434.7 763.683284195 357.083538952 47.0
7 27 26199.1 785.986748207 357.747882578 46.0
7 28 25545.8 794.774025941 357.350174194 45.0
8 4 133692.4 594.190819692 408.72324458 69.0
8 5 103555.2 575.310102713 408.306399005 71.0
8 6 86739.8 578.269774877 408.068535564 71.0
8 7 79175.0 615.808958873 407.828425795 66.0
8 8 66781.7 593.619761553 408.143058533 69.0
8 9 57598.6 575.992947853 407.953268589 71.0
8 10 51513.6 572.379486554 408.91957853 71.0
8 11 46967.0 574.046161114 407.609572141 71.0
8 12 43717.5 582.906695033 407.326080105 70.0
8 13 41109.5 593.811716636 408.372831038 69.0
8 14 39065.5 607.69223161 407.875517181 67.0
8 15 36815.7 613.602200228 408.204200269 67.0
8 16 34786.4 618.435056566 407.68810438 66.0
8 17 33677.6 636.140529006 408.575929609 64.0
8 18 32412.6 648.259778643 408.086171624 63.0
8 19 31367.2 662.203344784 408.510280928 62.0
8 20 30680.3 681.794667791 408.223975849 60.0
8 21 29883.9 697.302969339 408.470736656 59.0
8 22 29354.4 717.562890646 408.296172339 57.0
8 23 28508.3 728.55840583 407.972884332 56.0
8 24 28285.4 754.290874474 408.876662198 54.0
8 25 27899.2 774.993436362 408.631643741 53.0
8 26 27220.6 786.385734624 408.229287925 52.0
8 27 26847.0 805.424983402 407.846107806 51.0
8 28 26599.8 827.568910789 408.378282486 49.0
8 29 26287.8 847.063347661 407.882414827 48.0
8 30 26226.6 874.232859573 408.792744024 47.0
8 31 25806.6 888.909700874 407.956825738 46.0
8 32 25713.1 914.265545479 407.860497723 45.0
9 4 149408.7 664.041101056 459.858547525 69.0
9 5 115864.9 643.697036776 459.283746236 71.0
9 6 97175.5 647.838967504 458.978173949 71.0
9 7 89022.2 692.39860408 458.537232299 66.0
9 8 74532.3 662.514509397 458.822260957 69.0
9 9 63929.6 639.301691286 458.684115763 72.0
9 10 57258.7 636.214473246 459.369376858 72.0
9 11 52115.0 636.968750228 459.003463194 72.0
9 12 48661.9 648.830101803 459.022235261 71.0
9 13 45156.2 652.262294137 459.418033541 70.0
9 14 42655.0 663.530763975 458.668020594 69.0
9 15 40198.7 669.987010715 458.983223667 69.0
9 16 37938.1 674.464881312 459.238506594 68.0
9 17 36268.2 685.073782329 458.505740366 67.0
9 18 34962.8 699.266340348 459.121372713 66.0
9 19 33645.5 710.304673783 459.295771793 65.0
9 20 32496.3 722.153072258 458.922845459 64.0
9 21 31626.7 737.970159613 459.277457323 62.0
9 22 30674.6 749.834294422 458.950329616 61.0
9 23 30239.2 772.790273503 458.971094594 59.0
9 24 29701.6 792.055021663 459.280320149 58.0
9 25 29167.3 810.217658059 459.541911234 57.0
9 26 28790.1 831.727598366 459.658431 55.0
9 27 28212.2 846.383821137 459.28953914 54.0
9 28 27849.0 866.425758368 458.842215398 53.0
9 29 27417.0 883.454167158 459.486945831 52.0
9 30 27045.8 901.540482253 459.377042389 51.0
9 31 26881.8 925.945959231 458.884972131 50.0
9 32 26334.7 936.359506399 458.322911024 49.0
9 33 26105.7 957.226218834 458.74469053 48.0
9 34 25998.3 982.183101682 458.704999297 47.0
9 35 25797.0 1003.23714214 458.964812529 46.0
9 36 25571.1 1022.86413433 458.479906974 45.0
10 4 164485.2 731.047608467 510.200019985 70.0
10 5 127791.5 709.956377538 510.222671802 72.0
10 6 107639.2 717.599122209 509.624801091 71.0
10 7 98355.9 764.993582695 509.096891504 67.0
10 8 82942.2 737.267095793 510.50911573 69.0
10 9 70655.2 706.557145839 509.761068514 72.0
10 10 62868.3 698.54311446 510.316486913 73.0
10 11 57300.0 700.337459595 509.885581843 73.0
10 12 53560.7 714.151579378 510.522644181 71.0
10 13 49443.1 714.187658255 510.802351935 72.0
10 14 46515.2 723.575735337 510.343737836 71.0
10 15 43661.3 727.696532107 510.143871137 70.0
10 16 41155.8 731.666783142 510.115856178 70.0
10 17 39259.7 741.580687636 510.01218044 69.0
10 18 37661.5 753.238873037 510.157253201 68.0
10 19 36092.1 761.955159093 510.178776105 67.0
10 20 34752.2 772.283470787 509.175078666 66.0
10 21 33561.5 783.114967199 509.646048335 65.0
10 22 32651.1 798.152046664 510.111326626 64.0
10 23 31895.9 815.130652559 510.061356762 63.0
10 24 31137.9 830.357417809 510.040716945 61.0
10 25 30689.4 852.500521023 510.689851923 60.0
10 26 29861.9 862.687477687 509.75944942 59.0
10 27 29483.5 884.522312139 510.23669203 58.0
10 28 28865.2 898.041926962 509.674453598 57.0
10 29 28737.9 926.016782499 510.60763317 55.0
10 30 28041.7 934.74352357 509.941301837 55.0
10 31 27938.2 962.327423057 510.687766597 53.0
10 32 27594.0 981.132640218 510.407767735 52.0
10 33 27034.9 991.296496026 510.226691412 51.0
10 34 27089.4 1023.39490416 510.00423813 50.0
10 35 26582.3 1033.77357951 509.520690059 49.0
10 36 26303.0 1052.13535912 509.775077894 48.0
10 37 26562.6 1092.04384728 510.63157708 47.0
10 38 26177.7 1105.29645774 510.688036991 46.0
10 39 25967.3 1125.27392729 510.391020591 45.0
10 40 25624.7 1138.90335083 509.692321373 45.0
