interleave nodes time charged used effcy
1 4 29628.5 131.68479886 50.7862872138 39.0
1 5 26273.5 145.966340721 50.7862872138 35.0
1 6 22034.5 146.900422781 50.7862872138 35.0
2 4 43693.5 194.195785682 102.146600096 53.0
2 5 34028.75 189.051022168 101.95236978 54.0
2 6 28804.75 192.035842563 101.649239704 53.0
2 7 27544.75 214.238650772 101.649239704 47.0
2 8 25814.5 229.465936491 101.799923254 44.0
2 9 25817.5 258.179212221 101.937936588 39.0
2 10 24622.0 273.582771991 101.937936588 37.0
2 11 24044.5 293.881990907 101.906185976 35.0
2 12 23514.0 313.52668537 102.131745218 33.0
3 4 58024.25 257.888004192 152.729306442 59.0
3 5 44322.75 246.241604113 152.783086754 62.0
3 6 37530.0 250.203592054 153.406777916 61.0
3 7 34969.25 271.985129749 153.309850501 56.0
3 8 31421.25 279.304121975 152.989349353 55.0
3 9 29505.5 295.059082159 152.989349353 52.0
3 10 27219.0 302.439371693 152.535601695 50.0
3 11 26242.25 320.747896265 152.572132919 48.0
3 12 25920.75 345.613745935 152.831241562 44.0
3 13 25705.25 371.304923197 153.539351856 41.0
3 14 25126.75 390.874503835 153.544174214 39.0
3 15 25051.0 417.522408339 153.367386387 37.0
3 16 24960.0 443.742201213 153.439273423 35.0
3 17 24374.0 460.405301255 153.272261068 33.0
3 18 23938.0 478.762810741 153.064181905 32.0
