interleave nodes time charged used effcy
1 4 31047.8 137.99225441 16.4206183845 12.0
2 4 44895.2 199.535864105 32.7595783349 16.0
2 5 34003.3 188.910147741 32.7820748193 17.0
2 6 29190.5 194.606305769 32.7859237939 17.0
2 7 27480.1 213.739272877 32.7132578834 15.0
2 8 25765.7 229.033976124 32.7187811341 14.0
3 4 58969.0 262.087325771 49.0593150035 19.0
3 5 44495.4 247.199438077 49.1252487988 20.0
3 6 37178.9 247.862102642 49.0119500972 20.0
3 7 34508.2 268.400444571 49.1031349806 18.0
3 8 30239.3 268.79808607 49.2275161948 18.0
3 9 28862.0 288.625144772 49.1855229523 17.0
3 10 27586.8 306.524458099 49.0063085984 16.0
3 11 26629.0 325.47264451 49.0228585449 15.0
3 12 26060.1 347.475530118 49.0634444319 14.0
4 4 73327.0 325.899805637 65.3287946053 20.0
4 5 55770.0 309.836378559 65.3230408856 21.0
4 6 46629.6 310.867064588 65.3849156585 21.0
4 7 42486.6 330.454108102 65.3542722628 20.0
4 8 36304.3 322.709822215 65.4358955497 20.0
4 9 33085.8 330.863237365 65.3553549296 20.0
4 10 30954.2 343.940868779 65.3852142026 19.0
4 11 29041.7 354.959544838 65.2094153793 18.0
4 12 28246.4 376.625933107 65.3800414963 17.0
4 13 27445.7 396.446614641 65.3154680418 16.0
4 14 26742.6 416.001549552 65.3272206333 16.0
4 15 26140.7 435.687572435 65.4525546734 15.0
4 16 25762.8 458.011305366 65.3907804853 14.0
5 4 88699.1 394.219718665 81.8489772512 21.0
5 5 67171.5 373.178199309 81.5440281452 22.0
5 6 56268.1 375.123731336 81.9462941474 22.0
5 7 51232.2 398.476081121 81.6943197167 21.0
5 8 42893.4 381.279922272 81.6879347623 21.0
5 9 38703.6 387.040553668 81.7939425821 21.0
5 10 35591.2 395.464001734 81.6424662753 21.0
5 11 33335.3 407.436029462 81.6768485606 20.0
5 12 31464.3 419.53047518 81.772777726 19.0
5 13 29914.1 432.101138887 81.6922931924 19.0
5 14 29125.3 453.067514748 81.5919396498 18.0
5 15 27733.2 462.228494703 81.5638656741 18.0
5 16 27343.5 486.116173122 81.7137479214 17.0
5 17 26815.7 506.530220844 81.9050475339 16.0
5 18 26445.4 528.915536642 81.7413184304 15.0
5 19 26051.7 549.99425715 81.8918768948 15.0
5 20 25861.0 574.697044754 81.678326267 14.0
6 4 104553.7 464.685499873 98.1001815742 21.0
6 5 79801.7 443.344629557 97.9923413775 22.0
6 6 66174.2 441.163528613 97.961734255 22.0
6 7 60057.3 467.115105761 98.0432557961 21.0
6 8 49902.9 443.586031538 98.1375135428 22.0
6 9 45286.8 452.8722296 98.1315427661 22.0
6 10 40944.3 454.941755517 97.9522117996 22.0
6 11 37660.0 460.295096495 98.1563134358 21.0
6 12 35545.2 473.94328085 97.9621892198 21.0
6 13 33492.5 483.787623054 98.1303437346 20.0
6 14 31754.9 493.973042107 98.1398832747 20.0
6 15 30145.9 502.439753907 97.9843427566 20.0
6 16 29185.8 518.871409695 98.0422595684 19.0
6 17 28485.1 538.061427425 98.0950018919 18.0
6 18 27834.2 556.695891157 98.1681905711 18.0
6 19 27434.9 579.191215394 97.9826750951 17.0
6 20 26967.3 599.286104975 98.012445244 16.0
6 21 26681.2 622.573016311 98.0563911829 16.0
6 22 26193.2 640.28971347 97.9530792716 15.0
6 23 26157.5 668.485504087 98.0201434055 15.0
6 24 26098.5 695.974946931 98.0355271806 14.0
7 4 119131.9 529.477327485 114.28728072 22.0
7 5 91846.9 510.263164785 114.32428286 22.0
7 6 76525.0 510.170807219 114.406771985 22.0
7 7 69460.9 540.254580979 114.448035825 21.0
7 8 57143.8 507.949466921 114.376981266 23.0
7 9 51254.7 512.551797226 114.396973341 22.0
7 10 46488.1 516.540560314 114.156200703 22.0
7 11 42402.5 518.260873899 114.515236928 22.0
7 12 39546.2 527.288415501 114.582171814 22.0
7 13 37523.8 542.01631762 114.51904776 21.0
7 14 35226.2 547.971331348 114.344126443 21.0
7 15 33274.6 554.584919624 114.392942436 21.0
7 16 31854.7 566.316450418 114.385861746 20.0
7 17 30752.2 580.883438543 114.441652666 20.0
7 18 29963.9 599.287215082 114.476229735 19.0
7 19 28918.0 610.50015658 114.461970901 19.0
7 20 28299.9 628.89610572 114.476471435 18.0
7 21 28105.9 655.817462022 114.429588709 17.0
7 22 27444.9 670.886604816 114.264460298 17.0
7 23 26831.3 685.701020818 114.208166602 17.0
7 24 26730.1 712.8196613 114.520329565 16.0
7 25 26296.4 730.468614319 114.420252106 16.0
7 26 26175.1 756.181920728 114.445464761 15.0
7 27 25959.3 778.789435951 114.638380714 15.0
7 28 25894.0 805.607589356 114.51485818 14.0
8 4 135245.8 601.094581055 130.799848962 22.0
8 5 103602.2 575.570968985 130.678480788 23.0
8 6 87127.4 580.852050804 130.906448 23.0
8 7 78983.1 614.318219056 130.80979339 21.0
8 8 64263.9 571.238177031 130.837860931 23.0
8 9 58004.0 580.045250565 130.737951495 23.0
8 10 52387.6 582.088649451 130.849665343 22.0
8 11 47482.2 580.344046018 131.012915528 23.0
8 12 44109.9 588.13939385 130.749847777 22.0
8 13 41241.7 595.720416535 130.916735526 22.0
8 14 38829.3 604.018414262 130.854980252 22.0
8 15 36828.7 613.820895197 130.639689838 21.0
8 16 35011.3 622.433450325 130.803453917 21.0
8 17 33359.3 630.12902073 130.850003943 21.0
8 18 32219.0 644.388602656 130.807882646 20.0
8 19 30986.2 654.161198108 130.758995279 20.0
8 20 30242.4 672.061263057 130.741926622 19.0
8 21 29244.7 682.385866499 130.804943185 19.0
8 22 28885.1 706.09010442 130.7457157 19.0
8 23 28152.5 719.464519026 130.898631747 18.0
8 24 27779.0 740.783789072 130.904792416 18.0
8 25 27349.8 759.732004468 130.644212566 17.0
8 26 27204.2 785.913661618 130.702393183 17.0
8 27 26799.4 803.994961726 130.746950038 16.0
8 28 26535.3 825.563691565 130.594073705 16.0
8 29 26615.1 857.608444952 130.64003874 15.0
8 30 26054.5 868.503919643 130.670788321 15.0
8 31 26215.0 902.978090822 130.82198163 14.0
8 32 25653.0 912.119319464 130.811431014 14.0
9 4 150111.3 667.163085849 147.057158966 22.0
9 5 116249.1 645.831300998 147.506661304 23.0
9 6 97592.6 650.62232909 147.096642173 23.0
9 7 88674.2 689.692007883 147.138024428 21.0
9 8 72097.0 640.866072419 147.054233297 23.0
9 9 64383.0 643.835134818 146.982874459 23.0
9 10 58116.9 645.749968273 147.170173512 23.0
9 11 52574.5 642.583052328 147.226549481 23.0
9 12 48861.6 651.49663187 146.850404975 23.0
9 13 45204.9 652.968591091 147.248872238 23.0
9 14 42533.7 661.643102312 147.242446209 22.0
9 15 40237.7 670.636742376 147.111699599 22.0
9 16 38063.2 676.687170543 146.972933215 22.0
9 17 36351.4 686.643611072 147.389635507 21.0
9 18 34940.3 698.81909651 147.214413839 21.0
9 19 33552.5 708.341123147 147.210015361 21.0
9 20 32504.0 722.323240202 147.242069045 20.0
9 21 31236.3 728.860187232 147.073916339 20.0
9 22 30478.8 745.052260282 147.062704024 20.0
9 23 29694.7 758.878058119 147.114847367 19.0
9 24 29059.4 774.929564539 147.090801199 19.0
9 25 28542.8 792.864835676 147.331220363 19.0
9 26 28204.5 814.807769187 146.92063962 18.0
9 27 27747.7 832.440534942 147.134718163 18.0
9 28 27490.1 855.267190828 147.087660804 17.0
9 29 27092.1 872.992309651 146.911033652 17.0
9 30 26968.8 898.974268838 147.388465976 16.0
9 31 26827.4 924.070036425 147.162202895 16.0
9 32 26515.6 942.792114576 147.084436831 16.0
9 33 26544.4 973.308656093 147.194839252 15.0
9 34 26016.6 982.86902913 146.89549645 15.0
9 35 25950.8 1009.21904051 146.965157204 15.0
9 36 25968.4 1038.75126306 147.018259844 14.0
10 4 166113.5 738.284737915 163.337168716 22.0
10 5 128758.7 715.328332331 163.219760567 23.0
10 6 108130.0 720.869210143 163.56421311 23.0
10 7 98360.8 765.031936829 163.482379236 21.0
10 8 79754.8 708.93536738 163.609065229 23.0
10 9 71297.3 712.978923615 163.44495864 23.0
10 10 63771.4 708.57563097 163.300071971 23.0
10 11 57908.2 707.773573624 163.510475807 23.0
10 12 53623.1 714.979634472 163.293169577 23.0
10 13 49612.0 716.624449701 163.537113628 23.0
10 14 46310.1 720.38962447 163.414938366 23.0
10 15 43741.0 729.026092835 163.669511144 22.0
10 16 41367.3 735.427419273 163.488525543 22.0
10 17 39562.8 747.303115606 163.697726309 22.0
10 18 37629.1 752.59283881 163.359574434 22.0
10 19 36204.3 764.322892866 163.327778316 21.0
10 20 34775.6 772.805006653 163.396064796 21.0
10 21 33703.5 786.427091 163.328688952 21.0
10 22 32434.3 792.853217151 163.539003701 21.0
10 23 31744.8 811.266863644 163.412976273 20.0
10 24 30772.3 820.602851095 163.637759411 20.0
10 25 30107.9 836.344520801 163.347835387 20.0
10 26 29431.4 850.257143487 163.544405769 19.0
10 27 28762.6 862.892165871 163.441800095 19.0
10 28 28393.4 883.36758092 163.180490072 18.0
10 29 28068.2 904.439372095 163.352689242 18.0
10 30 27910.1 930.353788581 163.505507759 18.0
10 31 27843.5 959.073012278 163.275718806 17.0
10 32 27251.2 968.950289977 163.672205991 17.0
10 33 26953.1 988.296282365 163.380779418 17.0
10 34 27051.2 1021.95899107 163.320799374 16.0
10 35 26621.2 1035.29235283 163.399471497 16.0
10 36 26889.9 1075.61899671 163.499335848 15.0
10 37 26263.5 1079.74620948 163.411190417 15.0
10 38 26024.7 1098.8416227 163.695573924 15.0
10 39 26118.5 1131.82583665 163.253231245 14.0
10 40 25954.1 1153.54158832 163.369936711 14.0
