interleave nodes time charged used effcy
1 4 30736.75 136.610814816 51.04185373 37.0
1 5 27378.0 152.102422054 51.04185373 34.0
1 6 23019.25 153.464389926 51.0568771614 33.0
2 4 43038.75 191.285953801 101.68937448 53.0
2 5 33644.0 186.913929632 101.614459558 54.0
2 6 28875.25 192.503743506 101.785054377 53.0
2 7 27613.0 214.771701209 101.785054377 47.0
2 8 25988.5 231.016131371 101.493556547 44.0
2 9 25347.0 253.476208642 101.5435573 40.0
2 10 24059.25 267.330571894 101.625853125 38.0
2 11 23404.75 286.064000386 101.625853125 36.0
2 12 23072.25 307.64038044 101.912250715 33.0
3 4 58757.0 261.14389 153.219056768 59.0
3 5 44337.75 246.322108935 153.071416899 62.0
3 6 37409.5 249.398647528 153.497652878 62.0
3 7 35166.75 273.522542095 153.693043488 56.0
3 8 30905.25 274.717845623 153.178045682 56.0
3 9 28870.25 288.707711716 152.884826407 53.0
3 10 27661.5 307.353594424 153.459218931 50.0
3 11 26804.5 327.614575601 153.871821845 47.0
3 12 25858.75 344.787393402 153.350736291 44.0
3 13 25271.0 365.03068849 153.027777386 42.0
3 14 25169.5 391.531272375 153.502510147 39.0
3 15 24301.0 405.022352214 152.944915003 38.0
3 16 23422.0 416.400672569 152.666464874 37.0
3 17 23143.25 437.153294653 152.666464874 35.0
3 18 23456.5 469.143192623 152.83942786 33.0
